{
 "cells": [
  {
   "cell_type": "code",
   "execution_count": 1,
   "metadata": {},
   "outputs": [],
   "source": [
    "import numpy as np\n",
    "from numpy import linalg as la\n",
    "from scipy import linalg as las\n",
    "import copy"
   ]
  },
  {
   "cell_type": "code",
   "execution_count": 2,
   "metadata": {},
   "outputs": [],
   "source": [
    "A = np.array([\n",
    "              [1, 2, 3], \n",
    "              [4, 2, 1], \n",
    "              [19, 12, -8], \n",
    "              [7, 100, -1]\n",
    "            ])  "
   ]
  },
  {
   "cell_type": "code",
   "execution_count": 3,
   "metadata": {},
   "outputs": [],
   "source": [
    "B = np.array([\n",
    "              [15.3, 18.4, -192.1, 50.0], \n",
    "              [900.3, 510.1, 246.1, 741.9], \n",
    "              [109, -12.5, -8.1, 15.5], \n",
    "              [180, -651.1, 852.7, 2003.9],\n",
    "              [85.2, 16.4, -5.2, 19.2]\n",
    "             ]) "
   ]
  },
  {
   "cell_type": "code",
   "execution_count": 4,
   "metadata": {},
   "outputs": [],
   "source": [
    "C = 0.0000000002*np.random.random_sample((100, 50)) - 0.0000000001  "
   ]
  },
  {
   "cell_type": "code",
   "execution_count": 5,
   "metadata": {},
   "outputs": [
    {
     "data": {
      "text/plain": [
       "array([[ 7.80356609e-11, -8.91091273e-11, -4.47621070e-11, ...,\n",
       "        -2.81551653e-13,  1.17413328e-11,  8.35820170e-11],\n",
       "       [-7.70746028e-11, -9.70873885e-11, -3.62680629e-11, ...,\n",
       "         8.06045619e-11,  5.97234979e-11, -9.51625888e-11],\n",
       "       [-4.81422633e-12,  6.36725141e-11, -2.73111159e-12, ...,\n",
       "         4.31626049e-11, -9.19183260e-11,  3.87998952e-11],\n",
       "       ...,\n",
       "       [ 4.03935037e-11, -9.73681489e-11, -9.68018203e-11, ...,\n",
       "         4.58950211e-11,  4.79310169e-11,  4.12411338e-11],\n",
       "       [ 1.35122360e-13, -4.34836727e-11,  2.61057892e-11, ...,\n",
       "         7.01069111e-11,  9.86670379e-12,  2.79345218e-11],\n",
       "       [-9.64102058e-11, -9.72602466e-12,  4.64622810e-11, ...,\n",
       "        -7.44640762e-12, -2.53996563e-11,  3.97195419e-11]])"
      ]
     },
     "execution_count": 5,
     "metadata": {},
     "output_type": "execute_result"
    }
   ],
   "source": [
    "C"
   ]
  },
  {
   "cell_type": "code",
   "execution_count": 6,
   "metadata": {},
   "outputs": [],
   "source": [
    "H = las.hilbert(10)        "
   ]
  },
  {
   "cell_type": "code",
   "execution_count": 7,
   "metadata": {},
   "outputs": [
    {
     "data": {
      "text/plain": [
       "array([[1.        , 0.5       , 0.33333333, 0.25      , 0.2       ,\n",
       "        0.16666667, 0.14285714, 0.125     , 0.11111111, 0.1       ],\n",
       "       [0.5       , 0.33333333, 0.25      , 0.2       , 0.16666667,\n",
       "        0.14285714, 0.125     , 0.11111111, 0.1       , 0.09090909],\n",
       "       [0.33333333, 0.25      , 0.2       , 0.16666667, 0.14285714,\n",
       "        0.125     , 0.11111111, 0.1       , 0.09090909, 0.08333333],\n",
       "       [0.25      , 0.2       , 0.16666667, 0.14285714, 0.125     ,\n",
       "        0.11111111, 0.1       , 0.09090909, 0.08333333, 0.07692308],\n",
       "       [0.2       , 0.16666667, 0.14285714, 0.125     , 0.11111111,\n",
       "        0.1       , 0.09090909, 0.08333333, 0.07692308, 0.07142857],\n",
       "       [0.16666667, 0.14285714, 0.125     , 0.11111111, 0.1       ,\n",
       "        0.09090909, 0.08333333, 0.07692308, 0.07142857, 0.06666667],\n",
       "       [0.14285714, 0.125     , 0.11111111, 0.1       , 0.09090909,\n",
       "        0.08333333, 0.07692308, 0.07142857, 0.06666667, 0.0625    ],\n",
       "       [0.125     , 0.11111111, 0.1       , 0.09090909, 0.08333333,\n",
       "        0.07692308, 0.07142857, 0.06666667, 0.0625    , 0.05882353],\n",
       "       [0.11111111, 0.1       , 0.09090909, 0.08333333, 0.07692308,\n",
       "        0.07142857, 0.06666667, 0.0625    , 0.05882353, 0.05555556],\n",
       "       [0.1       , 0.09090909, 0.08333333, 0.07692308, 0.07142857,\n",
       "        0.06666667, 0.0625    , 0.05882353, 0.05555556, 0.05263158]])"
      ]
     },
     "execution_count": 7,
     "metadata": {},
     "output_type": "execute_result"
    }
   ],
   "source": [
    "H"
   ]
  },
  {
   "cell_type": "markdown",
   "metadata": {},
   "source": [
    "## Classical Schmidt Algorithm"
   ]
  },
  {
   "cell_type": "code",
   "execution_count": 8,
   "metadata": {},
   "outputs": [],
   "source": [
    "def classical_Schmidt_algorithm(A):\n",
    "    m = A.shape[0]\n",
    "    n = A.shape[1]\n",
    "    Q = copy.deepcopy(A.astype(float)) \n",
    "    R = np.array([np.zeros(n) for i in range(n)])\n",
    "    \n",
    "    s = 0\n",
    "    \n",
    "    for k in range(n):\n",
    "        for i in range(k):\n",
    "            s = 0\n",
    "            \n",
    "            for j in range(m):\n",
    "                s = s + Q[j, i] * Q[j, k]\n",
    "            R[i, k] = s\n",
    "            \n",
    "            for j in range(m):\n",
    "                Q[j, k] = Q[j, k] - Q[j, i] * R[i, k]\n",
    "        \n",
    "        s = 0\n",
    "        for j in range(m):\n",
    "            s = s + Q[j, k]**2\n",
    "        R[k, k] = np.sqrt(s)\n",
    "        \n",
    "        for j in range(m):\n",
    "            Q[j, k] = Q[j, k] / R[k, k]\n",
    "    return Q, R"
   ]
  },
  {
   "cell_type": "code",
   "execution_count": 9,
   "metadata": {},
   "outputs": [],
   "source": [
    "A = np.array([\n",
    "              [1, 2, 3], \n",
    "              [4, 2, 1], \n",
    "              [19, 12, -8]\n",
    "            ])   "
   ]
  },
  {
   "cell_type": "code",
   "execution_count": 10,
   "metadata": {},
   "outputs": [],
   "source": [
    "Q, R = classical_Schmidt_algorithm(H)       "
   ]
  },
  {
   "cell_type": "code",
   "execution_count": 101,
   "metadata": {},
   "outputs": [],
   "source": [
    "H1 = Q.dot(R) "
   ]
  },
  {
   "cell_type": "code",
   "execution_count": 11,
   "metadata": {},
   "outputs": [
    {
     "data": {
      "text/plain": [
       "array([[ 1.00000001e+00, -1.62515285e-08,  2.44935574e-07,\n",
       "        -2.21022841e-06,  1.02418562e-05, -2.75544154e-05,\n",
       "         4.43468542e-05, -4.21617201e-05,  2.18126620e-05,\n",
       "        -4.73933348e-06],\n",
       "       [-1.62515285e-08,  1.00000002e+00, -1.61976629e-07,\n",
       "         1.61432857e-06, -7.58483024e-06,  2.08305185e-05,\n",
       "        -3.40636943e-05,  3.28736357e-05, -1.72188777e-05,\n",
       "         3.79072293e-06],\n",
       "       [ 2.44935574e-07, -1.61976629e-07,  9.99999537e-01,\n",
       "         1.89466919e-06, -1.02321136e-05,  2.73222823e-05,\n",
       "        -4.51448527e-05,  4.32523450e-05, -2.28587317e-05,\n",
       "         4.88539724e-06],\n",
       "       [-2.21022841e-06,  1.61432857e-06,  1.89466919e-06,\n",
       "         1.00000406e+00, -7.80530772e-06,  2.80078717e-05,\n",
       "        -4.18066663e-05,  4.29668545e-05, -2.07493714e-05,\n",
       "         5.80953117e-06],\n",
       "       [ 1.02418562e-05, -7.58483024e-06, -1.02321136e-05,\n",
       "        -7.80530772e-06,  9.99982707e-01,  1.60914126e-05,\n",
       "        -4.56242221e-05,  3.15607566e-05, -2.50165341e-05,\n",
       "        -4.49581366e-07],\n",
       "       [-2.75544154e-05,  2.08305185e-05,  2.73222823e-05,\n",
       "         2.80078717e-05,  1.60914126e-05,  1.00004196e+00,\n",
       "        -1.58564133e-05,  4.96387318e-05, -2.78091944e-06,\n",
       "         1.69739100e-05],\n",
       "       [ 4.43468542e-05, -3.40636943e-05, -4.51448527e-05,\n",
       "        -4.18066663e-05, -4.56242221e-05, -1.58564133e-05,\n",
       "         9.99939222e-01,  2.42456536e-06, -3.94456368e-05,\n",
       "        -1.81757654e-05],\n",
       "       [-4.21617201e-05,  3.28736357e-05,  4.32523450e-05,\n",
       "         4.29668545e-05,  3.15607566e-05,  4.96387318e-05,\n",
       "         2.42456536e-06,  1.00005207e+00,  9.56572816e-06,\n",
       "         2.38614865e-05],\n",
       "       [ 2.18126620e-05, -1.72188777e-05, -2.28587317e-05,\n",
       "        -2.07493714e-05, -2.50165341e-05, -2.78091944e-06,\n",
       "        -3.94456368e-05,  9.56572816e-06,  9.99975597e-01,\n",
       "        -8.26816607e-06],\n",
       "       [-4.73933348e-06,  3.79072293e-06,  4.88539724e-06,\n",
       "         5.80953117e-06, -4.49581366e-07,  1.69739100e-05,\n",
       "        -1.81757654e-05,  2.38614865e-05, -8.26816607e-06,\n",
       "         1.00000482e+00]])"
      ]
     },
     "execution_count": 11,
     "metadata": {},
     "output_type": "execute_result"
    }
   ],
   "source": [
    "Q.dot(Q.T) "
   ]
  },
  {
   "cell_type": "markdown",
   "metadata": {},
   "source": [
    "## Modified Gram Schmidt"
   ]
  },
  {
   "cell_type": "code",
   "execution_count": 12,
   "metadata": {},
   "outputs": [],
   "source": [
    "def modified_Gram_Schmidt(A):\n",
    "    m = A.shape[0]\n",
    "    n = A.shape[1]\n",
    "    Q = copy.deepcopy(A.astype(float)) \n",
    "    R = np.array([np.zeros(n) for i in range(n)])\n",
    "    \n",
    "    for k in range(n):\n",
    "        s = 0\n",
    "        for j in range(m):\n",
    "            s += Q[j, k]**2\n",
    "        \n",
    "        R[k, k] = np.sqrt(s)\n",
    "        \n",
    "        for j in range(m):\n",
    "            Q[j, k] = Q[j, k] / R[k, k]\n",
    "        \n",
    "        for i in range(k+1, n):\n",
    "            s = 0\n",
    "            \n",
    "            for j in range(m):\n",
    "                s += Q[j, i] * Q[j, k]\n",
    "            \n",
    "            R[k, i] = s\n",
    "            \n",
    "            for j in range(m):\n",
    "                Q[j, i] = Q[j, i] - R[k, i] * Q[j, k]\n",
    "\n",
    "    return Q, R"
   ]
  },
  {
   "cell_type": "code",
   "execution_count": 13,
   "metadata": {},
   "outputs": [],
   "source": [
    "Qm, Rm = modified_Gram_Schmidt(H)     "
   ]
  },
  {
   "cell_type": "code",
   "execution_count": 15,
   "metadata": {},
   "outputs": [
    {
     "data": {
      "text/plain": [
       "array([[1.        , 0.5       , 0.33333333, 0.25      , 0.2       ,\n",
       "        0.16666667, 0.14285714, 0.125     , 0.11111111, 0.1       ],\n",
       "       [0.5       , 0.33333333, 0.25      , 0.2       , 0.16666667,\n",
       "        0.14285714, 0.125     , 0.11111111, 0.1       , 0.09090909],\n",
       "       [0.33333333, 0.25      , 0.2       , 0.16666667, 0.14285714,\n",
       "        0.125     , 0.11111111, 0.1       , 0.09090909, 0.08333333],\n",
       "       [0.25      , 0.2       , 0.16666667, 0.14285714, 0.125     ,\n",
       "        0.11111111, 0.1       , 0.09090909, 0.08333333, 0.07692308],\n",
       "       [0.2       , 0.16666667, 0.14285714, 0.125     , 0.11111111,\n",
       "        0.1       , 0.09090909, 0.08333333, 0.07692308, 0.07142857],\n",
       "       [0.16666667, 0.14285714, 0.125     , 0.11111111, 0.1       ,\n",
       "        0.09090909, 0.08333333, 0.07692308, 0.07142857, 0.06666667],\n",
       "       [0.14285714, 0.125     , 0.11111111, 0.1       , 0.09090909,\n",
       "        0.08333333, 0.07692308, 0.07142857, 0.06666667, 0.0625    ],\n",
       "       [0.125     , 0.11111111, 0.1       , 0.09090909, 0.08333333,\n",
       "        0.07692308, 0.07142857, 0.06666667, 0.0625    , 0.05882353],\n",
       "       [0.11111111, 0.1       , 0.09090909, 0.08333333, 0.07692308,\n",
       "        0.07142857, 0.06666667, 0.0625    , 0.05882353, 0.05555556],\n",
       "       [0.1       , 0.09090909, 0.08333333, 0.07692308, 0.07142857,\n",
       "        0.06666667, 0.0625    , 0.05882353, 0.05555556, 0.05263158]])"
      ]
     },
     "execution_count": 15,
     "metadata": {},
     "output_type": "execute_result"
    }
   ],
   "source": [
    "Qm.dot(Rm) "
   ]
  },
  {
   "cell_type": "code",
   "execution_count": 16,
   "metadata": {},
   "outputs": [
    {
     "data": {
      "text/plain": [
       "array([[ 1.00000001e+00, -1.62515285e-08,  2.44935574e-07,\n",
       "        -2.21022841e-06,  1.02418562e-05, -2.75544154e-05,\n",
       "         4.43468542e-05, -4.21617201e-05,  2.18126620e-05,\n",
       "        -4.73933348e-06],\n",
       "       [-1.62515285e-08,  1.00000002e+00, -1.61976629e-07,\n",
       "         1.61432857e-06, -7.58483024e-06,  2.08305185e-05,\n",
       "        -3.40636943e-05,  3.28736357e-05, -1.72188777e-05,\n",
       "         3.79072293e-06],\n",
       "       [ 2.44935574e-07, -1.61976629e-07,  9.99999537e-01,\n",
       "         1.89466919e-06, -1.02321136e-05,  2.73222823e-05,\n",
       "        -4.51448527e-05,  4.32523450e-05, -2.28587317e-05,\n",
       "         4.88539724e-06],\n",
       "       [-2.21022841e-06,  1.61432857e-06,  1.89466919e-06,\n",
       "         1.00000406e+00, -7.80530772e-06,  2.80078717e-05,\n",
       "        -4.18066663e-05,  4.29668545e-05, -2.07493714e-05,\n",
       "         5.80953117e-06],\n",
       "       [ 1.02418562e-05, -7.58483024e-06, -1.02321136e-05,\n",
       "        -7.80530772e-06,  9.99982707e-01,  1.60914126e-05,\n",
       "        -4.56242221e-05,  3.15607566e-05, -2.50165341e-05,\n",
       "        -4.49581366e-07],\n",
       "       [-2.75544154e-05,  2.08305185e-05,  2.73222823e-05,\n",
       "         2.80078717e-05,  1.60914126e-05,  1.00004196e+00,\n",
       "        -1.58564133e-05,  4.96387318e-05, -2.78091944e-06,\n",
       "         1.69739100e-05],\n",
       "       [ 4.43468542e-05, -3.40636943e-05, -4.51448527e-05,\n",
       "        -4.18066663e-05, -4.56242221e-05, -1.58564133e-05,\n",
       "         9.99939222e-01,  2.42456536e-06, -3.94456368e-05,\n",
       "        -1.81757654e-05],\n",
       "       [-4.21617201e-05,  3.28736357e-05,  4.32523450e-05,\n",
       "         4.29668545e-05,  3.15607566e-05,  4.96387318e-05,\n",
       "         2.42456536e-06,  1.00005207e+00,  9.56572816e-06,\n",
       "         2.38614865e-05],\n",
       "       [ 2.18126620e-05, -1.72188777e-05, -2.28587317e-05,\n",
       "        -2.07493714e-05, -2.50165341e-05, -2.78091944e-06,\n",
       "        -3.94456368e-05,  9.56572816e-06,  9.99975597e-01,\n",
       "        -8.26816607e-06],\n",
       "       [-4.73933348e-06,  3.79072293e-06,  4.88539724e-06,\n",
       "         5.80953117e-06, -4.49581366e-07,  1.69739100e-05,\n",
       "        -1.81757654e-05,  2.38614865e-05, -8.26816607e-06,\n",
       "         1.00000482e+00]])"
      ]
     },
     "execution_count": 16,
     "metadata": {},
     "output_type": "execute_result"
    }
   ],
   "source": [
    "Qm.dot(Qm.T) "
   ]
  },
  {
   "cell_type": "markdown",
   "metadata": {},
   "source": [
    "## Reorthogonalization "
   ]
  },
  {
   "cell_type": "code",
   "execution_count": 17,
   "metadata": {},
   "outputs": [],
   "source": [
    "def reorthogonalization(A):\n",
    "    m = A.shape[0]\n",
    "    n = A.shape[1]\n",
    "    Q = copy.deepcopy(A.astype(float)) \n",
    "    R = np.array([np.zeros(n) for i in range(n)])\n",
    "    \n",
    "    \n",
    "    for k in range(n):\n",
    "        t = 0\n",
    "        tt = 0\n",
    "        \n",
    "        for j in range(m):\n",
    "            t += Q[j, k]**2\n",
    "\n",
    "\n",
    "        while True:\n",
    "            for i in range(k):\n",
    "                s = 0\n",
    "                for j in range(m):\n",
    "                    s += Q[j, i] * Q[j, k]\n",
    "                    \n",
    "                if tt == 0:\n",
    "                    R[i, k] = s\n",
    "                    \n",
    "                for j in range(m):\n",
    "                    Q[j, k] -= s*Q[j, i]\n",
    "            \n",
    "            tt = 0\n",
    "            for j in range(m):\n",
    "                tt += Q[j, k]**2\n",
    "            \n",
    "            if tt < t/100:\n",
    "                t = tt\n",
    "            else:\n",
    "                break\n",
    "        R[k, k] = np.sqrt(tt)\n",
    "\n",
    "        for j in range(m):\n",
    "            Q[j, k] = Q[j, k] / R[k, k] \n",
    "    return Q, R"
   ]
  },
  {
   "cell_type": "code",
   "execution_count": 18,
   "metadata": {},
   "outputs": [],
   "source": [
    "Qr, Rr = reorthogonalization(H)     "
   ]
  },
  {
   "cell_type": "code",
   "execution_count": 19,
   "metadata": {},
   "outputs": [
    {
     "data": {
      "text/plain": [
       "array([[1.        , 0.5       , 0.33333333, 0.25      , 0.2       ,\n",
       "        0.16666667, 0.14285714, 0.125     , 0.11111111, 0.1       ],\n",
       "       [0.5       , 0.33333333, 0.25      , 0.2       , 0.16666667,\n",
       "        0.14285714, 0.125     , 0.11111111, 0.1       , 0.09090909],\n",
       "       [0.33333333, 0.25      , 0.2       , 0.16666667, 0.14285714,\n",
       "        0.125     , 0.11111111, 0.1       , 0.09090909, 0.08333333],\n",
       "       [0.25      , 0.2       , 0.16666667, 0.14285714, 0.125     ,\n",
       "        0.11111111, 0.1       , 0.09090909, 0.08333333, 0.07692308],\n",
       "       [0.2       , 0.16666667, 0.14285714, 0.125     , 0.11111111,\n",
       "        0.1       , 0.09090909, 0.08333333, 0.07692308, 0.07142857],\n",
       "       [0.16666667, 0.14285714, 0.125     , 0.11111111, 0.1       ,\n",
       "        0.09090909, 0.08333333, 0.07692308, 0.07142857, 0.06666667],\n",
       "       [0.14285714, 0.125     , 0.11111111, 0.1       , 0.09090909,\n",
       "        0.08333333, 0.07692308, 0.07142857, 0.06666667, 0.0625    ],\n",
       "       [0.125     , 0.11111111, 0.1       , 0.09090909, 0.08333333,\n",
       "        0.07692308, 0.07142857, 0.06666667, 0.0625    , 0.05882353],\n",
       "       [0.11111111, 0.1       , 0.09090909, 0.08333333, 0.07692308,\n",
       "        0.07142857, 0.06666667, 0.0625    , 0.05882353, 0.05555556],\n",
       "       [0.1       , 0.09090909, 0.08333333, 0.07692308, 0.07142857,\n",
       "        0.06666667, 0.0625    , 0.05882353, 0.05555556, 0.05263158]])"
      ]
     },
     "execution_count": 19,
     "metadata": {},
     "output_type": "execute_result"
    }
   ],
   "source": [
    "Qr.dot(Rr) "
   ]
  },
  {
   "cell_type": "code",
   "execution_count": 20,
   "metadata": {},
   "outputs": [
    {
     "data": {
      "text/plain": [
       "array([[ 1.00000000e+00,  3.20559056e-17,  1.07171179e-16,\n",
       "         1.81321312e-16,  2.19218665e-16,  1.55340125e-16,\n",
       "         1.16615155e-16,  1.37683829e-16,  1.16134199e-16,\n",
       "         8.55706300e-17],\n",
       "       [ 3.20559056e-17,  1.00000000e+00,  3.01278396e-16,\n",
       "         2.56657759e-16,  1.60709255e-16,  1.31174910e-16,\n",
       "         1.31933852e-16,  9.88792381e-17,  5.98750650e-17,\n",
       "         9.48727723e-17],\n",
       "       [ 1.07171179e-16,  3.01278396e-16,  1.00000000e+00,\n",
       "         1.13624388e-16,  1.90819582e-16,  1.76941795e-16,\n",
       "         1.12540186e-16,  8.47846099e-17,  1.02999206e-16,\n",
       "         1.90928003e-16],\n",
       "       [ 1.81321312e-16,  2.56657759e-16,  1.13624388e-16,\n",
       "         1.00000000e+00,  6.93889390e-17,  2.77555756e-17,\n",
       "        -6.93889390e-18,  8.67361738e-17,  1.47451495e-16,\n",
       "         7.58941521e-17],\n",
       "       [ 2.19218665e-16,  1.60709255e-16,  1.90819582e-16,\n",
       "         6.93889390e-17,  1.00000000e+00,  1.66533454e-16,\n",
       "         9.71445147e-17,  8.32667268e-17,  4.16333634e-17,\n",
       "         1.47451495e-16],\n",
       "       [ 1.55340125e-16,  1.31174910e-16,  1.76941795e-16,\n",
       "         2.77555756e-17,  1.66533454e-16,  1.00000000e+00,\n",
       "         2.77555756e-17,  2.77555756e-17,  1.94289029e-16,\n",
       "         9.36750677e-17],\n",
       "       [ 1.16615155e-16,  1.31933852e-16,  1.12540186e-16,\n",
       "        -6.93889390e-18,  9.71445147e-17,  2.77555756e-17,\n",
       "         1.00000000e+00,  0.00000000e+00,  8.32667268e-17,\n",
       "        -6.93889390e-18],\n",
       "       [ 1.37683829e-16,  9.88792381e-17,  8.47846099e-17,\n",
       "         8.67361738e-17,  8.32667268e-17,  2.77555756e-17,\n",
       "         0.00000000e+00,  1.00000000e+00,  5.55111512e-17,\n",
       "         5.55111512e-17],\n",
       "       [ 1.16134199e-16,  5.98750650e-17,  1.02999206e-16,\n",
       "         1.47451495e-16,  4.16333634e-17,  1.94289029e-16,\n",
       "         8.32667268e-17,  5.55111512e-17,  1.00000000e+00,\n",
       "        -5.55111512e-17],\n",
       "       [ 8.55706300e-17,  9.48727723e-17,  1.90928003e-16,\n",
       "         7.58941521e-17,  1.47451495e-16,  9.36750677e-17,\n",
       "        -6.93889390e-18,  5.55111512e-17, -5.55111512e-17,\n",
       "         1.00000000e+00]])"
      ]
     },
     "execution_count": 20,
     "metadata": {},
     "output_type": "execute_result"
    }
   ],
   "source": [
    "Qr.dot(Qr.T) "
   ]
  }
 ],
 "metadata": {
  "kernelspec": {
   "display_name": "Python 3",
   "language": "python",
   "name": "python3"
  },
  "language_info": {
   "codemirror_mode": {
    "name": "ipython",
    "version": 3
   },
   "file_extension": ".py",
   "mimetype": "text/x-python",
   "name": "python",
   "nbconvert_exporter": "python",
   "pygments_lexer": "ipython3",
   "version": "3.6.4"
  }
 },
 "nbformat": 4,
 "nbformat_minor": 2
}
